81 96 97 43 91 
66 53 78 46 42 76 
53 105 41 45 4 44 65 
43 55 78 47 100 2 95 31 
71 91 45 52 106 68 98 66 67 
2 16 85 44 72 3 106 88 52 63 
96 75 106 10 64 74 89 47 30 37 107 
18 91 35 3 79 51 57 101 24 104 83 17 
96 44 109 89 63 6 60 88 4 26 90 94 49 
102 110 23 22 95 103 1 66 17 34 18 22 81 14 
12 82 108 28 34 107 45 72 76 40 40 43 108 84 23 
111 4 103 19 71 19 108 77 44 49 106 24 21 83 30 81 
88 72 28 18 70 85 23 101 15 28 110 9 29 86 4 43 26 
81 112 17 10 15 56 41 32 30 115 97 100 77 78 14 57 111 45 
76 51 85 40 25 6 52 54 42 49 72 44 48 65 114 50 66 47 92 
52 101 43 100 117 67 109 85 60 1 57 94 57 86 74 22 42 85 46 90 
26 16 0 106 21 107 95 110 39 47 103 35 67 37 81 105 29 94 48 100 49 
73 86 73 30 8 5 55 119 113 9 25 85 65 2 119 111 45 86 53 31 41 50 
32 44 43 92 105 77 121 23 57 79 19 35 31 100 19 16 39 122 115 79 102 67 21 
120 35 40 101 64 28 120 115 10 57 55 28 57 35 4 87 116 22 120 26 65 8 38 2 
11 112 9 117 24 100 41 100 78 70 120 66 118 120 22 10 112 92 11 55 50 3 107 25 11 
112 89 80 15 41 67 91 42 90 60 15 91 111 125 81 52 0 12 23 92 42 87 104 78 80 14 
126 92 109 121 79 64 105 114 88 114 112 27 125 70 103 23 67 59 44 43 35 32 81 77 118 73 9 
72 19 42 47 53 20 20 107 79 25 73 61 72 31 40 22 31 54 72 63 69 32 60 18 127 26 21 106 
73 95 98 93 102 58 51 12 73 7 24 16 100 8 94 49 70 66 82 118 123 82 19 46 61 124 71 122 61 
23 125 64 31 41 89 119 103 107 20 63 43 40 80 33 13 15 76 4 115 26 90 35 53 116 121 41 93 103 28 
65 126 56 70 33 39 104 58 124 66 87 56 62 9 115 52 9 95 101 42 122 21 11 83 115 121 105 44 108 45 2 
32 91 89 118 66 79 29 24 130 43 24 93 63 2 81 51 118 56 111 48 64 22 5 15 49 45 53 3 67 59 116 84 
8 13 111 109 2 118 37 63 35 40 100 64 4 113 74 92 50 35 130 57 116 1 118 38 90 44 2 50 72 95 73 55 98 
117 77 99 6 43 119 39 60 96 77 131 99 26 97 97 67 73 20 88 55 69 60 38 3 32 23 31 73 113 21 133 59 115 38 
18 105 130 123 131 112 49 39 29 83 62 127 8 116 73 7 32 31 117 112 21 58 93 36 107 94 133 45 17 122 34 109 44 117 55 
39 56 11 113 69 104 121 87 41 26 53 94 84 71 92 135 118 64 95 28 104 25 4 111 89 65 78 41 87 46 6 100 8 38 89 83 
17 100 51 65 97 8 56 113 19 68 4 23 116 47 91 111 76 71 32 116 91 129 90 35 74 21 105 3 115 50 129 103 87 47 22 134 26 
40 44 89 107 82 70 66 10 110 66 67 104 3 100 42 76 26 29 105 61 23 101 130 18 124 101 92 125 105 6 119 103 47 20 75 63 37 118 
65 32 60 96 52 32 126 106 77 21 112 38 0 43 119 25 70 62 28 40 25 20 29 133 19 125 129 125 116 38 86 56 1 49 39 65 74 19 109 
5 33 82 106 138 122 10 122 38 83 79 101 17 30 47 17 68 30 117 70 103 41 115 103 84 55 129 123 112 38 99 84 114 115 37 14 57 38 17 133 
55 13 120 110 53 79 127 120 9 109 40 20 95 48 130 20 126 71 90 49 86 15 132 33 119 50 7 5 62 11 49 106 41 28 66 86 127 96 110 131 96 
19 114 83 2 92 59 4 39 106 49 128 4 139 130 102 103 51 40 74 68 125 95 14 121 28 74 24 3 125 91 64 35 91 48 15 141 114 62 69 29 71 20 
109 47 92 80 2 32 13 132 129 107 44 103 139 79 138 61 103 31 25 74 103 129 31 123 49 115 139 93 30 106 81 124 27 51 123 76 61 22 51 74 87 129 22 
85 64 11 118 67 2 31 123 127 40 97 42 16 43 35 30 19 135 118 117 61 137 110 52 1 73 5 105 53 42 18 49 128 80 11 75 118 129 8 140 135 127 138 84 
117 108 45 86 53 64 138 75 109 87 47 64 126 48 73 6 15 66 20 131 132 121 114 135 136 64 143 39 76 130 109 144 126 64 16 139 98 140 8 15 94 23 83 65 73 
9 1 19 0 85 136 54 52 101 12 17 98 33 7 61 95 110 130 132 38 41 132 64 80 111 86 31 9 23 70 39 26 22 128 46 5 109 129 123 26 34 86 138 96 130 16 
48 44 116 114 55 49 114 32 32 59 96 81 84 132 129 114 91 138 137 70 51 18 99 122 49 87 54 103 33 81 100 146 17 128 84 122 112 42 24 81 64 134 75 34 51 59 45 
103 59 130 59 53 28 23 68 137 35 99 45 127 83 93 19 87 61 52 77 102 6 6 107 138 6 141 94 27 43 10 35 121 117 133 70 100 80 16 94 133 82 35 18 115 113 79 106 
87 100 76 147 136 139 57 54 105 100 78 143 123 8 143 55 52 73 107 20 93 146 43 147 75 62 25 70 104 2 144 21 2 86 114 145 123 119 129 17 41 112 101 116 144 146 113 81 101 
114 69 67 68 148 3 0 121 141 83 40 72 32 9 14 95 58 120 91 142 143 87 109 44 49 14 17 42 44 32 19 1 91 82 67 31 82 64 6 8 95 65 74 68 50 12 100 20 84 140 
69 62 78 146 136 147 64 92 46 41 43 130 134 40 145 54 50 82 29 131 7 35 9 46 31 70 90 97 35 95 49 133 129 110 23 6 64 9 79 35 102 98 42 121 78 69 5 108 150 148 98 
145 137 85 136 46 66 51 27 24 56 59 6 134 81 10 29 150 8 35 29 141 102 38 67 81 138 8 109 69 148 42 120 45 102 4 2 3 124 11 89 105 102 24 131 56 83 67 72 104 57 136 92 
0 133 80 113 48 134 27 51 85 111 9 16 145 130 133 88 104 49 104 108 136 11 145 5 65 25 136 8 130 16 85 102 105 119 135 51 12 61 59 51 142 122 147 84 27 152 133 6 19 82 131 55 52 
61 39 137 129 136 36 103 49 134 53 44 138 57 103 45 113 12 7 116 151 85 101 25 125 20 8 84 104 101 47 105 35 97 1 16 23 135 133 134 141 106 31 13 116 68 27 49 77 24 32 101 104 108 51 
84 135 0 106 153 78 66 75 96 11 14 128 46 105 109 95 147 72 128 129 131 72 127 110 73 63 105 112 21 52 133 119 119 3 88 142 60 85 15 118 56 32 86 84 141 6 4 90 11 101 102 118 88 80 97 
105 38 9 49 61 27 99 126 7 59 131 107 17 148 44 91 145 52 37 43 152 112 88 122 142 153 132 85 54 103 43 123 115 140 97 143 119 117 62 100 31 135 130 64 48 65 75 124 144 24 134 55 28 107 62 25 
12 135 131 49 133 106 137 154 101 29 20 39 61 91 129 56 87 41 65 92 68 3 87 47 117 20 92 94 122 68 105 61 147 125 67 26 51 141 37 102 89 127 58 47 11 104 144 133 36 119 28 56 38 54 137 26 6 
71 75 34 123 68 30 83 61 92 69 58 89 135 121 141 77 55 3 3 113 25 3 154 24 146 34 7 99 96 31 143 68 149 20 145 15 44 8 137 141 37 156 13 136 3 57 33 65 108 44 82 33 55 64 62 75 22 61 
73 114 115 133 99 11 8 97 15 93 153 151 78 144 56 54 133 58 5 123 58 87 78 147 63 24 148 54 37 126 98 19 156 15 97 86 68 77 38 34 129 125 60 101 124 4 73 23 121 94 80 49 66 51 64 23 112 49 117 
10 75 72 33 92 136 27 144 90 109 142 113 66 51 101 141 140 29 138 83 149 41 147 118 93 38 35 118 109 37 146 155 61 19 145 73 149 5 41 48 82 117 100 68 44 141 15 77 150 65 125 159 69 34 47 76 52 15 83 24 
6 102 122 153 102 81 76 84 95 28 20 156 4 36 121 129 35 93 143 104 156 102 8 90 141 133 40 20 66 46 109 139 145 111 70 16 157 118 14 24 31 53 54 80 157 128 88 16 104 153 65 23 56 160 9 96 82 20 110 158 86 
76 120 72 151 111 63 67 134 131 127 77 135 135 29 37 146 115 102 34 142 159 109 86 37 12 158 46 98 131 53 158 108 153 83 129 157 66 69 61 118 106 4 8 44 6 9 66 115 35 67 155 77 61 7 11 0 108 122 118 109 90 161 
81 140 86 157 12 103 33 160 61 28 6 64 38 66 122 17 102 115 54 23 79 103 137 71 122 141 6 10 60 26 56 23 28 72 128 148 62 37 113 117 1 37 63 15 111 30 88 7 138 143 6 8 150 137 100 14 105 156 100 58 44 114 78 
24 152 134 52 100 60 86 65 129 44 162 108 83 74 103 62 68 140 42 22 118 89 87 128 113 93 31 111 39 97 0 98 29 42 128 97 48 110 25 21 48 120 132 51 47 103 131 8 17 37 137 127 119 148 147 139 77 26 20 16 9 53 150 31 
163 136 75 16 88 1 80 132 96 137 106 159 149 91 129 17 144 93 81 32 129 111 6 53 125 154 50 53 77 47 153 47 30 140 36 94 38 31 158 44 125 140 16 150 18 61 138 142 100 27 91 160 72 68 94 77 37 130 87 147 161 39 115 3 154 
36 120 79 47 88 53 122 58 57 21 17 13 11 28 5 38 79 159 62 32 92 123 17 163 14 117 64 131 154 110 163 98 80 61 14 132 161 141 120 54 156 24 65 76 50 103 107 74 111 17 139 43 160 15 87 28 113 30 111 142 20 74 137 82 153 70 
151 6 118 58 132 51 92 31 57 30 109 88 106 158 76 53 124 33 83 18 97 84 155 5 138 86 54 51 133 1 114 12 59 74 11 84 56 105 144 124 112 57 27 81 136 111 154 68 32 137 154 32 89 95 38 76 133 121 69 62 40 54 158 54 110 26 85 
64 140 152 112 54 8 11 16 159 120 41 100 38 99 74 76 96 18 57 1 15 14 40 99 62 62 28 163 78 57 9 90 25 32 129 128 70 64 145 161 133 95 77 46 43 76 53 80 23 76 24 18 13 59 160 152 83 112 29 82 27 4 15 45 137 59 142 148 
74 117 159 35 36 153 92 79 21 54 54 97 8 115 96 7 22 118 109 64 74 46 118 14 138 21 12 152 145 56 19 106 65 137 73 0 18 92 46 40 50 164 100 70 82 146 101 121 126 79 16 106 41 59 71 144 164 166 50 79 17 61 34 105 33 120 85 40 12 
61 133 19 67 141 96 38 53 54 71 111 156 63 108 38 83 82 16 60 75 162 64 147 35 66 155 36 55 70 110 92 25 126 168 136 33 75 92 158 38 5 124 96 158 42 81 28 45 116 93 118 95 87 90 69 159 145 90 134 117 80 167 158 148 49 13 31 96 10 136 
125 71 87 111 67 42 14 109 41 131 169 46 106 111 145 144 17 110 85 45 5 48 125 63 115 136 130 8 52 161 29 138 8 16 58 93 159 71 158 3 124 51 21 19 114 62 139 32 35 16 164 92 143 114 146 32 139 7 146 63 0 164 45 100 139 111 82 122 12 19 143 
129 129 97 115 10 75 69 24 143 154 134 56 86 145 13 153 43 171 114 98 5 142 81 50 120 152 118 46 2 35 171 130 111 98 0 69 70 103 64 56 163 82 59 123 102 141 10 137 89 162 87 45 157 6 57 113 5 91 82 128 11 120 147 139 43 111 167 15 49 152 136 17 
137 139 95 145 150 140 111 107 137 142 24 32 156 149 0 92 57 113 79 59 168 92 133 35 144 157 138 72 97 149 59 19 7 103 90 72 129 146 139 79 80 72 131 166 27 38 26 40 110 23 98 62 153 107 126 112 56 0 24 119 7 86 164 171 29 158 34 156 107 39 85 135 98 
98 49 68 70 70 109 125 109 8 149 171 63 27 45 147 118 19 18 157 122 157 140 19 148 108 68 91 101 169 62 59 141 24 136 74 24 70 7 2 45 157 10 31 113 26 84 146 79 30 169 20 80 80 112 88 131 108 167 147 145 139 3 89 94 89 38 134 101 168 105 95 154 21 145 
82 3 143 115 14 116 54 7 7 72 34 76 79 3 21 82 35 37 89 131 112 2 123 92 5 80 138 135 41 40 41 81 174 73 158 154 87 21 93 76 80 155 166 148 58 32 23 75 139 123 70 50 62 151 116 172 85 106 101 160 120 144 168 40 141 15 139 143 58 29 49 115 34 52 81 
114 40 43 2 138 23 18 170 75 154 154 132 7 104 71 35 54 140 126 107 72 18 36 25 155 98 169 82 79 125 164 9 40 21 33 5 4 34 121 66 126 98 128 23 98 113 68 8 33 89 132 140 24 171 48 2 12 95 80 32 120 9 72 12 171 60 90 94 44 3 172 21 175 174 75 137 
82 15 134 175 82 157 83 4 137 116 94 33 24 136 15 42 126 103 113 135 51 120 10 31 6 38 129 168 40 109 156 8 169 89 145 42 95 77 63 122 33 105 43 82 155 159 129 35 59 8 58 17 9 36 93 164 127 151 156 84 85 175 53 73 93 170 22 114 166 83 164 26 145 118 132 37 50 
127 49 1 100 119 64 97 37 21 129 93 2 0 1 122 17 58 27 90 79 2 156 160 56 44 30 2 61 32 11 114 139 56 60 29 111 45 120 62 36 12 42 144 39 101 106 26 140 58 85 149 40 73 91 66 160 123 99 70 80 16 29 28 122 87 24 117 164 118 151 138 35 147 69 21 162 153 122 
86 111 11 67 48 97 175 113 125 150 2 60 127 175 63 46 139 40 140 139 102 142 158 0 178 84 33 92 107 11 59 9 80 62 128 57 36 125 164 115 175 167 35 90 102 63 132 105 80 42 140 130 116 176 122 153 98 125 26 142 23 97 126 101 111 74 175 170 26 56 46 103 82 20 90 47 152 83 81 
124 71 59 91 96 139 70 3 34 34 57 169 123 103 91 168 28 91 165 32 168 173 77 162 3 32 148 43 60 45 156 146 118 135 33 88 72 129 174 103 26 146 116 71 178 75 103 100 86 6 52 28 164 104 78 36 147 35 19 132 176 138 42 120 149 67 63 20 41 167 58 61 93 87 139 125 108 172 177 147 
83 117 96 76 55 140 123 9 77 131 106 159 112 180 151 70 20 12 112 84 61 48 52 38 69 26 160 149 122 95 8 150 29 116 96 163 81 68 165 74 112 72 150 55 48 124 48 53 133 156 146 164 67 8 21 49 165 83 62 88 180 127 20 50 147 20 58 136 95 37 130 145 10 153 168 153 3 90 121 159 50 
120 57 38 141 124 44 118 124 30 96 155 21 161 132 129 111 118 60 93 135 82 32 20 34 112 141 16 70 133 74 118 181 47 134 122 27 149 97 2 126 34 130 112 146 157 1 8 105 34 103 6 29 153 90 131 44 31 55 24 76 117 155 107 20 122 73 133 74 26 20 106 0 148 22 78 15 39 86 61 141 175 109 
76 14 131 114 138 28 69 124 20 62 153 44 21 12 4 20 31 103 51 32 14 147 65 87 176 114 144 98 62 171 168 15 162 89 30 108 105 117 4 171 179 162 108 41 174 105 144 162 148 181 25 83 107 27 121 52 2 102 13 114 5 5 19 18 130 6 12 147 154 125 105 23 142 135 31 111 72 11 48 152 59 7 150 
89 8 128 110 90 111 166 107 178 81 166 62 161 2 50 12 145 172 86 55 35 135 62 109 70 178 88 8 9 114 138 102 155 114 31 44 97 76 118 71 16 183 67 75 132 74 59 40 8 7 66 113 119 92 15 39 26 30 154 6 154 62 52 117 129 57 40 4 84 26 17 17 100 91 21 132 6 181 88 36 55 36 12 65 
122 2 53 113 142 149 168 182 130 0 125 118 8 65 85 184 82 176 35 9 96 20 155 98 105 83 29 159 65 150 173 25 181 5 33 20 159 51 146 122 3 175 179 134 20 134 13 22 149 62 48 45 92 75 32 57 97 88 38 78 158 174 71 148 72 164 58 167 99 37 23 89 18 42 20 40 155 85 25 14 79 58 137 90 158 
40 121 155 118 121 69 66 138 154 85 31 111 147 139 156 87 50 124 109 34 73 79 130 120 24 4 13 148 81 38 90 87 184 50 105 59 122 91 32 166 180 16 52 121 164 76 72 172 139 118 138 176 51 85 11 99 116 75 62 181 102 24 129 86 148 15 131 179 75 91 12 96 15 55 57 143 154 63 7 109 140 72 44 180 2 145 
165 114 179 7 139 123 152 160 160 178 91 24 178 88 67 155 44 109 145 76 137 120 106 106 109 174 73 86 60 48 144 137 117 21 25 97 107 155 54 76 150 155 154 47 33 14 104 121 114 153 121 167 10 157 141 145 16 106 117 8 183 47 92 44 176 158 7 12 174 104 130 126 99 69 163 70 184 30 151 23 164 96 173 31 118 32 135 
167 183 149 38 145 3 66 172 124 182 73 161 79 33 107 170 89 5 66 10 140 55 81 176 173 42 75 171 167 114 87 35 77 141 87 44 10 87 79 4 147 130 85 138 180 83 151 136 174 96 120 12 96 78 75 75 156 98 132 173 148 39 152 109 70 14 127 120 44 50 108 156 71 85 165 163 115 75 27 111 14 181 24 28 133 148 19 109 
51 162 29 89 59 35 17 26 92 89 129 115 167 14 148 94 63 109 37 137 83 144 171 113 112 156 3 101 52 125 91 51 177 80 137 52 134 138 78 84 180 80 30 181 158 106 51 100 174 40 89 184 174 93 55 52 29 95 183 0 164 122 4 28 69 57 123 23 181 78 54 119 5 27 165 108 173 14 121 179 26 184 25 11 137 160 185 20 88 
8 137 21 50 144 9 121 101 151 90 24 93 171 156 18 120 40 144 151 124 56 103 175 170 60 10 3 126 69 147 75 115 47 48 36 58 164 169 91 45 138 78 93 141 153 55 109 108 39 35 30 61 133 52 146 141 162 125 175 76 116 111 149 105 106 185 124 142 10 122 75 149 171 135 46 64 27 48 186 1 138 34 61 115 123 59 111 163 162 70 
146 119 73 94 173 153 177 112 2 154 162 140 127 104 82 177 51 119 132 164 163 11 59 69 34 8 76 105 120 29 93 48 54 37 4 113 79 150 188 76 160 88 78 91 66 176 107 182 105 47 151 71 2 36 2 79 54 140 81 73 98 56 87 36 15 9 105 58 152 145 37 51 151 12 32 59 99 71 148 185 20 20 176 7 57 4 57 87 74 185 8 
158 175 5 84 95 138 150 53 67 74 86 61 18 165 43 11 1 13 82 183 86 191 36 136 142 152 153 104 188 107 74 85 50 82 187 88 36 1 24 123 11 33 63 119 8 155 127 44 10 178 95 21 177 87 99 122 52 55 138 103 128 24 155 94 33 100 33 137 38 69 181 114 0 113 59 182 172 136 47 183 18 92 34 18 108 79 63 81 170 36 83 97 
106 136 117 159 90 141 32 144 73 34 186 0 93 191 1 171 94 5 35 13 187 59 97 9 23 73 49 52 170 161 51 94 61 173 39 99 70 111 127 30 0 191 133 145 138 135 41 166 84 71 103 129 99 177 135 34 67 36 7 188 5 4 177 159 128 10 139 184 69 136 115 13 127 88 55 106 143 145 102 71 156 93 156 68 176 124 80 68 28 26 116 157 51 
29 94 180 8 19 151 179 69 86 154 192 55 136 190 105 38 180 4 185 118 40 24 12 47 175 19 120 145 144 137 126 65 62 144 66 167 85 108 7 64 93 95 87 30 170 104 134 131 161 15 163 169 88 162 113 178 118 82 47 166 23 155 78 104 138 140 100 174 118 143 36 124 17 142 182 149 134 10 25 9 89 103 127 81 84 160 175 77 155 62 39 110 7 88 
24 104 73 150 84 29 180 194 105 75 29 160 13 170 91 98 20 126 64 48 2 188 76 18 137 23 151 19 174 165 113 91 64 113 101 16 60 133 23 123 12 185 52 173 116 81 72 139 153 82 176 158 151 10 15 167 19 108 175 169 44 114 52 42 151 126 19 103 85 94 73 150 194 113 19 157 169 76 47 59 141 41 148 164 130 186 30 30 145 89 149 73 93 21 169 
65 12 195 91 65 0 4 9 164 165 137 98 73 151 77 109 1 31 130 183 149 39 115 148 136 132 73 133 122 154 88 169 57 53 114 95 3 102 175 26 116 115 175 100 98 100 129 166 82 94 52 117 33 25 19 141 3 5 128 110 63 160 112 91 19 143 5 105 193 2 189 153 61 65 180 97 61 21 92 117 75 134 63 8 70 125 160 36 83 53 182 90 137 10 29 159 
169 83 163 70 128 188 84 90 17 73 148 26 188 40 82 82 135 182 12 3 35 146 190 41 120 99 50 92 190 119 27 148 4 103 127 34 77 21 194 64 152 64 184 120 189 190 151 44 31 38 148 85 157 50 25 99 192 169 33 49 174 158 186 103 41 28 94 188 175 139 14 193 129 67 125 84 181 58 149 4 40 156 59 148 126 51 65 34 77 104 95 37 118 103 167 79 179 
43 168 161 159 112 0 4 174 135 1 176 164 9 92 133 175 184 7 78 171 167 75 100 49 125 109 6 29 117 66 142 64 51 101 181 187 144 139 134 40 104 54 169 111 15 73 15 131 19 118 187 44 122 192 166 194 79 111 42 181 83 6 28 170 44 186 116 145 61 10 38 115 176 196 188 3 128 101 129 153 147 138 184 18 78 170 53 98 38 191 172 62 60 175 35 166 107 43 
130 99 86 172 64 184 79 184 111 57 57 82 58 193 87 104 171 195 147 101 41 63 8 118 163 145 176 34 72 129 171 26 123 24 88 99 94 189 103 159 70 68 51 149 181 164 14 175 168 115 146 94 36 68 77 154 155 7 165 19 141 37 92 27 13 31 65 169 16 134 55 101 87 32 1 112 71 75 60 195 2 82 142 13 34 67 99 198 0 156 81 97 32 38 130 94 34 111 79 
75 50 155 128 50 166 74 146 89 0 184 147 102 5 65 82 81 156 153 181 119 87 87 198 142 59 186 155 66 118 179 117 32 26 164 67 154 159 175 56 186 125 18 178 138 33 17 181 26 176 172 87 147 194 155 181 157 25 24 182 52 155 188 150 40 163 44 38 172 47 13 154 119 158 190 163 146 16 69 30 106 98 20 20 22 97 37 156 107 191 76 30 54 101 172 33 65 56 13 120 
32 50 141 123 198 132 173 95 81 11 27 68 88 116 121 55 198 60 154 32 45 3 61 60 98 61 111 131 88 12 26 79 95 55 16 71 156 21 166 77 163 77 97 193 139 3 41 11 176 24 53 194 108 144 38 102 133 23 185 152 147 14 17 142 141 47 117 159 81 84 88 139 161 37 51 108 73 26 192 178 193 71 66 94 132 145 49 3 141 16 119 117 5 72 63 38 132 78 60 68 76 
107 135 34 177 36 9 26 142 180 181 141 199 8 108 65 59 171 8 187 13 26 44 122 163 178 38 27 119 105 180 5 90 20 82 148 38 158 78 198 78 146 192 196 163 99 132 76 118 100 101 121 115 52 19 95 169 153 193 34 62 178 194 32 101 126 20 115 86 60 139 67 60 103 126 63 33 121 44 44 129 152 113 65 122 110 99 163 191 21 174 154 171 185 54 108 16 171 14 95 128 7 122 
136 92 80 94 133 81 74 188 5 182 124 197 151 13 144 54 16 26 132 5 71 171 178 182 163 160 6 177 161 52 164 54 14 184 105 88 18 82 177 129 92 36 84 55 197 74 93 15 145 82 21 57 116 198 14 103 175 147 46 185 162 6 180 200 71 16 126 179 98 168 130 167 179 57 1 72 67 125 132 144 147 106 52 121 103 41 18 200 26 103 64 62 162 61 162 0 43 73 163 26 73 17 5 
36 71 6 199 173 22 128 203 147 121 34 110 132 12 141 175 72 157 64 76 30 119 192 59 58 53 91 116 131 127 19 136 85 70 134 128 178 181 95 46 56 51 35 111 92 136 86 114 186 128 55 92 58 125 123 84 197 127 88 121 26 168 192 46 150 158 114 1 14 170 135 91 61 99 158 134 201 162 137 96 194 90 114 108 136 131 174 159 100 155 115 184 14 93 156 47 97 86 57 150 44 52 40 1 
